Las raices son las siguientes:
x1 = -0.2254033307585166
x2 = -1.7745966692414832
